247
27
243
31
174
249
31
46
73
38
106
119
114
102
18
116
253
76
209
24
219
70
133
141
72
190
34
32
220
141
189
177
147
78
151
203
7
245
88
185
224
129
214
32
37
182
245
27
51
33
132
70
52
196
134
133
0
192
147
180
244
255
159
130
87
182
229
59
76
186
113
82
55
41
8
95
255
221
41
21
254
199
193
202
79
75
186
194
226
150
123
230
174
59
84
123
178
39
185
60
183
155
34
119
65
189
209
221
198
159
161
139
46
224
0
95
36
186
196
123
38
162
201
114
251
33
126
75
44
159
141
249
220
116
98
221
184
243
148
193
219
37
208
229
253
187
241
124
144
154
